Column  	1, 	2, 	3,	4, 	5, 	6
matx33 CBB row
1		1, 	7, 	13, 	19, 	25,	31
2		2, 	8, 	14, 	20, 	26,	32
3		3, 	9, 	15, 	21, 	27,	33
4		4, 	10, 	16, 	22, 	28,	34
5		5, 	11, 	17, 	23, 	29,	35
6		6, 	12, 	18, 	24, 	30,	36


Then we have matrix(8) with 7 row the
row 7 ther start at CBB37, CBB38 and so on

Row 7 at matrix(8)
CBB37, CBB38, ... and so on

mat8 CBB row
1		1, 	7, 	13, 	19, 	25,	31
2		2, 	8, 	14, 	20, 	26,	32
3		3, 	9, 	15, 	21, 	27,	33
4		4, 	10, 	16, 	22, 	28,	34
5		5, 	11, 	17, 	23, 	29,	35
6		6, 	12, 	18, 	24, 	30,	36
7		37, 	38, 	39, 	40, 	41,	42

Then we have matrix(3) with 7 and 8 rows
Row 8 at matrix(3)
CBB43, CBB44 and so on

mat3 CBB row
1		1, 	7, 	13, 	19, 	25,	31
2		2, 	8, 	14, 	20, 	26,	32
3		3, 	9, 	15, 	21, 	27,	33
4		4, 	10, 	16, 	22, 	28,	34
5		5, 	11, 	17, 	23, 	29,	35
6		6, 	12, 	18, 	24, 	30,	36
7		37, 	38, 	39, 	40, 	41,	42
8		43, 	44, 	45, 	46, 	47,	48

